/*--------------------------------*- C++ -*----------------------------------*\
| =========                 |                                                 |
| \\      /  F ield         | OpenFOAM: The Open Source CFD Toolbox           |
|  \\    /   O peration     | Version:  2.1.x                                 |
|   \\  /    A nd           | Web:      www.OpenFOAM.org                      |
|    \\/     M anipulation  |                                                 |
\*---------------------------------------------------------------------------*/
FoamFile
{
    version     2.0;
    format      ascii;
    class       vectorField;
    object      points;
}
// * * * * * * * * * * * * * * * * * * * * * * * * * * * * * * * * * * * * * //

(
//minZ
(-7.5 0 -10)
(-7.5 0.01 -10)
(-7.5 0.02 -10)
(-7.5 0.03 -10)
(-7.5 0.05 -10)
(-7.5 0.07 -10)
(-7.5 0.1 -10)
(-7.5 0.15 -10)
(-7.5 0.2 -10)
(-7.5 0.25 -10)
(-7.5 0.3 -10)
(-7.5 0.35 -10)
(-7.5 0.4 -10)
(-7.5 0.6 -10)
(-7.5 0.8 -10)
(-7.5 1 -10)
(-7.5 1.2 -10)
(-7.5 1.4 -10)
(-7.5 1.6 -10)
(-7.5 1.8 -10)
(-7.5 2 -10)
(-7.5 2.2 -10)
(-7.5 2.4 -10)
(-7.5 2.6 -10)
(-7.5 2.8 -10)
(-7.5 3 -10)
(-7.5 3.2 -10)
(-7.5 3.4 -10)
(-7.5 3.6 -10)
(-7.5 3.8 -10)
(-7.5 4 -10)
(-7.5 4.2 -10)
(-7.5 4.4 -10)
(-7.5 4.6 -10)
(-7.5 4.8 -10)
(-7.5 5 -10)
(-7.5 5.2 -10)
(-7.5 5.4 -10)
(-7.5 5.6 -10)
(-7.5 5.8 -10)
(-7.5 6 -10)
(-7.5 6.2 -10)
(-7.5 6.4 -10)
(-7.5 6.6 -10)
(-7.5 6.8 -10)
(-7.5 7 -10)
(-7.5 7.2 -10)

//maxZ
(-7.5 0 10)
(-7.5 0.01 10)
(-7.5 0.02 10)
(-7.5 0.03 10)
(-7.5 0.05 10)
(-7.5 0.07 10)
(-7.5 0.1 10)
(-7.5 0.15 10)
(-7.5 0.2 10)
(-7.5 0.25 10)
(-7.5 0.3 10)
(-7.5 0.35 10)
(-7.5 0.4 10)
(-7.5 0.6 10)
(-7.5 0.8 10)
(-7.5 1 10)
(-7.5 1.2 10)
(-7.5 1.4 10)
(-7.5 1.6 10)
(-7.5 1.8 10)
(-7.5 2 10)
(-7.5 2.2 10)
(-7.5 2.4 10)
(-7.5 2.6 10)
(-7.5 2.8 10)
(-7.5 3 10)
(-7.5 3.2 10)
(-7.5 3.4 10)
(-7.5 3.6 10)
(-7.5 3.8 10)
(-7.5 4 10)
(-7.5 4.2 10)
(-7.5 4.4 10)
(-7.5 4.6 10)
(-7.5 4.8 10)
(-7.5 5 10)
(-7.5 5.2 10)
(-7.5 5.4 10)
(-7.5 5.6 10)
(-7.5 5.8 10)
(-7.5 6 10)
(-7.5 6.2 10)
(-7.5 6.4 10)
(-7.5 6.6 10)
(-7.5 6.8 10)
(-7.5 7 10)
(-7.5 7.2 10)
)

// ************************************************************************* //
