/*--------------------------------*- C++ -*----------------------------------*\
| =========                 |                                                 |
| \\      /  F ield         | OpenFOAM: The Open Source CFD Toolbox           |
|  \\    /   O peration     | Version:  3.0.1                                 |
|   \\  /    A nd           | Web:      www.OpenFOAM.org                      |
|    \\/     M anipulation  |                                                 |
\*---------------------------------------------------------------------------*/
FoamFile
{
    version     2.0;
    format      ascii;
    class       volScalarField;
    location    "0";
    object      yPlus;
}
// * * * * * * * * * * * * * * * * * * * * * * * * * * * * * * * * * * * * * //

dimensions      [0 0 0 0 0 0 0];

internalField   uniform 0;

boundaryField
{
    wall
    {
        type            calculated;
        value           nonuniform List<scalar> 
49
(
9677.75
9677.75
9677.75
9677.75
9677.75
9677.75
9677.75
9677.75
9677.75
9677.75
9677.75
9677.75
9677.75
9677.75
9677.75
9677.75
9677.75
9677.75
9677.75
9677.75
9677.75
9677.75
9677.75
9677.75
9677.75
9677.75
9677.75
9677.75
9677.75
9677.75
9677.75
9677.75
9677.75
9677.75
9677.75
9677.75
9677.75
9677.75
9677.75
9677.75
9677.75
9677.75
9677.75
9677.75
9677.75
9677.75
9677.75
9677.75
9677.75
)
;
    }
    ground
    {
        type            calculated;
        value           nonuniform List<scalar> 
866
(
2498.7
2498.7
2498.7
2498.7
2498.7
2498.7
2498.7
2498.7
2498.7
2498.7
2498.7
2498.7
2498.7
2498.7
2498.7
2498.7
2498.7
2498.7
2498.7
2498.7
2498.7
2498.7
2498.7
2498.7
2498.7
2498.7
2498.7
2498.7
2498.7
2498.7
2498.7
2498.7
2498.7
2498.7
2498.7
2498.7
2498.7
2498.7
2498.7
2498.7
2498.7
2498.7
2498.7
2498.7
2498.7
2498.7
2498.7
2498.7
2498.7
2498.7
2498.7
2498.7
2498.7
2498.7
2498.7
2498.7
2498.7
2498.7
2498.7
2498.7
2498.7
2498.7
2498.7
2498.7
2498.7
2498.7
2498.7
2498.7
2498.7
2498.7
2498.7
2498.7
2498.7
2498.7
2498.7
2498.7
2498.7
2498.7
2498.7
2498.7
2498.7
2498.7
2498.7
2498.7
2498.7
2498.7
2498.7
2498.7
2498.7
2498.7
2498.7
2498.7
2498.7
2498.7
2498.7
2498.7
2498.7
2498.7
2498.7
2498.7
2498.7
2498.7
2498.7
2498.7
2498.7
2498.7
2498.7
2498.7
2498.7
2498.7
2498.7
2498.7
2498.7
2498.7
2498.7
2498.7
2498.7
2498.7
2498.7
2498.7
2498.7
2498.7
2498.7
2498.7
2498.7
2498.7
2498.7
2498.7
2498.7
2498.7
2498.7
2498.7
2498.7
2498.7
2498.7
2498.7
2498.7
2498.7
2498.7
2498.7
2498.7
2498.7
2498.7
2498.7
2498.7
2498.7
2498.7
2498.7
2498.7
2498.7
2498.7
2498.7
2498.7
2498.7
2498.7
2498.7
2498.7
2498.7
2498.7
2498.7
2498.7
2498.7
2498.7
2498.7
2498.7
2498.7
2498.7
2498.7
2498.7
2498.7
2498.7
2498.7
2498.7
2498.7
2498.7
2498.7
2498.7
2498.7
2498.7
2498.7
2498.7
2498.7
2498.7
2498.7
2498.7
2498.7
2498.7
2498.7
2498.7
2498.7
2498.7
2498.7
2498.7
2498.7
2498.7
2498.7
2498.7
2498.7
2498.7
2498.7
2498.7
2498.7
2498.7
2498.7
2498.7
2498.7
2498.7
2498.7
2498.7
2498.7
2498.7
2498.7
2498.7
2498.7
2498.7
2498.7
2498.7
2498.7
2498.7
2498.7
2498.7
2498.7
2498.7
2498.7
2498.7
2498.7
2498.7
2498.7
2498.7
2498.7
2498.7
2498.7
2498.7
2498.7
2498.7
2498.7
2498.7
2498.7
2498.7
2498.7
2498.7
2498.7
2498.7
2498.7
2498.7
2498.7
2498.7
2498.7
2498.7
2498.7
2498.7
2498.7
2498.7
2498.7
2498.7
2498.7
2498.7
2498.7
2498.7
2498.7
2498.7
2498.7
2498.7
2498.7
2498.7
2498.7
2498.7
2498.7
2498.7
2498.7
2498.7
2498.7
2498.7
2498.7
2498.7
2498.7
2498.7
2498.7
2498.7
2498.7
2498.7
2498.7
2498.7
2498.7
2498.7
2498.7
2498.7
2498.7
2498.7
2498.7
2498.7
2498.7
2498.7
2498.7
2498.7
2498.7
2498.7
2498.7
2498.7
2498.7
2498.7
2498.7
2498.7
2498.7
2498.7
2498.7
2498.7
2498.7
2498.7
2498.7
2498.7
2498.7
2498.7
2498.7
2498.7
2498.7
2498.7
2498.7
2498.7
2498.7
2498.7
2498.7
2498.7
2498.7
2498.7
2498.7
2498.7
2498.7
2498.7
2498.7
2498.7
2498.7
2498.7
2498.7
2498.7
2498.7
2498.7
2498.7
2498.7
2498.7
2498.7
2498.7
2498.7
2498.7
2498.7
2498.7
2498.7
2498.7
2498.7
2498.7
2498.7
2498.7
2498.7
2498.7
2498.7
2498.7
2498.7
2498.7
2498.7
2498.7
2498.7
2498.7
2498.7
2498.7
2498.7
2498.7
2498.7
2498.7
2498.7
2498.7
2498.7
2498.7
2498.7
2498.7
2498.7
2498.7
2498.7
2498.7
2498.7
2498.7
2498.7
2498.7
2498.7
2498.7
2498.7
2498.7
2498.7
2498.7
2498.7
2498.7
2498.7
2498.7
2498.7
2498.7
2498.7
2498.7
2498.7
2498.7
2498.7
2498.7
2498.7
2498.7
2498.7
2498.7
2498.7
2498.7
2498.7
2498.7
2498.7
2498.7
2498.7
2498.7
2498.7
2498.7
2498.7
2498.7
2498.7
2498.7
2498.7
2498.7
2498.7
2498.7
2498.7
2498.7
2498.7
2498.7
2498.7
2498.7
2498.7
2498.7
2498.7
2498.7
2498.7
2498.7
2498.7
2498.7
2498.7
2498.7
2498.7
2498.7
2498.7
2498.7
2498.7
2498.7
2498.7
2498.7
2498.7
2498.7
2498.7
2498.7
2498.7
2498.7
2498.7
2498.7
2498.7
2498.7
2498.7
2498.7
2498.7
2498.7
2498.7
2498.7
2498.7
2498.7
2498.7
2498.7
2498.7
2498.7
2498.7
2498.7
2498.7
2498.7
2498.7
2498.7
2498.7
2498.7
2498.7
2498.7
2498.7
2498.7
2498.7
2498.7
2498.7
2498.7
2498.7
2498.7
2498.7
2498.7
2498.7
2498.7
2498.7
2498.7
2498.7
2498.7
2498.7
2498.7
2498.7
2498.7
2498.7
2498.7
2498.7
2498.7
2498.7
2498.7
2498.7
2498.7
2498.7
2498.7
2498.7
2498.7
2498.7
2498.7
2498.7
2498.7
2498.7
2498.7
2498.7
2498.7
2498.7
2498.7
2498.7
2498.7
2498.7
2498.7
2498.7
2498.7
2498.7
2498.7
2498.7
2498.7
2498.7
2498.7
2498.7
2498.7
2498.7
2498.7
2498.7
2498.7
2498.7
2498.7
2498.7
2498.7
2498.7
2498.7
2498.7
2498.7
2498.7
2498.7
2498.7
2498.7
2498.7
2498.7
2498.7
2498.7
2498.7
2498.7
2498.7
2498.7
2498.7
2498.7
2498.7
2498.7
2498.7
2498.7
2498.7
2498.7
2498.7
2498.7
2498.7
2498.7
2498.7
2498.7
2498.7
2498.7
2498.7
2498.7
2498.7
2498.7
2498.7
2498.7
2498.7
2498.7
2498.7
2498.7
2498.7
2498.7
2498.7
2498.7
2498.7
2498.7
2498.7
2498.7
2498.7
2498.7
2498.7
2498.7
2498.7
2498.7
2498.7
2498.7
2498.7
2498.7
2498.7
2498.7
2498.7
2498.7
2498.7
2498.7
2498.7
2498.7
2498.7
2498.7
2498.7
2498.7
2498.7
2498.7
2498.7
2498.7
2498.7
2498.7
2498.7
2498.7
2498.7
2498.7
2498.7
2498.7
2498.7
2498.7
2498.7
2498.7
2498.7
2498.7
2498.7
2498.7
2498.7
2498.7
2498.7
2498.7
2498.7
2498.7
2498.7
2498.7
2498.7
2498.7
2498.7
2498.7
2498.7
2498.7
2498.7
2498.7
2498.7
2498.7
2498.7
2498.7
2498.7
2498.7
2498.7
2498.7
2498.7
2498.7
2498.7
2498.7
2498.7
2498.7
2498.7
2498.7
2498.7
2498.7
2498.7
2498.7
2498.7
2498.7
2498.7
2498.7
2498.7
2498.7
2498.7
2498.7
2498.7
2498.7
2498.7
2498.7
2498.7
2498.7
2498.7
2498.7
2498.7
2498.7
2498.7
2498.7
2498.7
2498.7
2498.7
2498.7
2498.7
2498.7
2498.7
2498.7
2498.7
2498.7
2498.7
2498.7
2498.7
2498.7
2498.7
2498.7
2498.7
2498.7
2498.7
2498.7
2498.7
2498.7
2498.7
2498.7
2498.7
2498.7
2498.7
2498.7
2498.7
2498.7
2498.7
2498.7
2498.7
2498.7
2498.7
2498.7
2498.7
2498.7
2498.7
2498.7
2498.7
2498.7
2498.7
2498.7
2498.7
2498.7
2498.7
2498.7
2498.7
2498.7
2498.7
2498.7
2498.7
2498.7
2498.7
2498.7
2498.7
2498.7
2498.7
2498.7
2498.7
2498.7
2498.7
2498.7
2498.7
2498.7
2498.7
2498.7
2498.7
2498.7
2498.7
2498.7
2498.7
2498.7
2498.7
2498.7
2498.7
2498.7
2498.7
2498.7
2498.7
2498.7
2498.7
2498.7
2498.7
2498.7
2498.7
2498.7
2498.7
2498.7
2498.7
2498.7
2498.7
2498.7
2498.7
2498.7
2498.7
2498.7
2498.7
2498.7
2498.7
2498.7
2498.7
2498.7
2498.7
2498.7
2498.7
2498.7
2498.7
2498.7
2498.7
2498.7
2498.7
2498.7
2498.7
2498.7
2498.7
2498.7
2498.7
2498.7
2498.7
2498.7
2498.7
2498.7
2498.7
2498.7
2498.7
2498.7
2498.7
2498.7
2498.7
2498.7
2498.7
2498.7
2498.7
2498.7
2498.7
2498.7
2498.7
2498.7
2498.7
2498.7
2498.7
2498.7
2498.7
2498.7
2498.7
2498.7
2498.7
2498.7
2498.7
2498.7
2498.7
2498.7
2498.7
2498.7
2498.7
2498.7
2498.7
2498.7
2498.7
2498.7
2498.7
2498.7
2498.7
2498.7
2498.7
2498.7
2498.7
2498.7
2498.7
2498.7
2498.7
2498.7
2498.7
2498.7
)
;
    }
    walls
    {
        type            calculated;
        value           uniform 0;
    }
    outlet
    {
        type            calculated;
        value           uniform 0;
    }
    inlet
    {
        type            calculated;
        value           uniform 0;
    }
}


// ************************************************************************* //
