/*--------------------------------*- C++ -*----------------------------------*\
  =========                 |
  \\      /  F ield         | OpenFOAM: The Open Source CFD Toolbox
   \\    /   O peration     | Website:  https://openfoam.org
    \\  /    A nd           | Version:  9
     \\/     M anipulation  |
\*---------------------------------------------------------------------------*/
FoamFile
{
    format      ascii;
    class       labelList;
    note        "nPoints: 6590 nCells: 3150 nFaces: 12745 nInternalFaces: 6155";
    location    "constant/polyMesh";
    object      neighbour;
}
// * * * * * * * * * * * * * * * * * * * * * * * * * * * * * * * * * * * * * //


6155
(
1
10
109
2
11
3
12
4
13
5
14
6
15
7
16
8
17
9
18
19
700
11
20
119
12
21
13
22
14
23
15
24
16
25
17
26
18
27
19
28
29
710
21
30
129
22
31
23
32
24
33
25
34
26
35
27
36
28
37
29
38
39
720
31
40
139
32
41
33
42
34
43
35
44
36
45
37
46
38
47
39
48
49
730
41
50
149
42
51
43
52
44
53
45
54
46
55
47
56
48
57
49
58
59
740
51
60
159
52
61
53
62
54
63
55
64
56
65
57
66
58
67
59
68
69
750
61
70
169
62
71
63
72
64
73
65
74
66
75
67
76
68
77
69
78
79
760
71
80
179
72
81
73
82
74
83
75
84
76
85
77
86
78
87
79
88
89
770
81
90
189
82
91
83
92
84
93
85
94
86
95
87
96
88
97
89
98
99
780
91
199
1025
92
1000
93
975
94
950
95
925
96
900
97
875
98
850
99
825
790
800
101
110
209
102
111
103
112
104
113
105
114
106
115
107
116
108
117
109
118
119
111
120
219
112
121
113
122
114
123
115
124
116
125
117
126
118
127
119
128
129
121
130
229
122
131
123
132
124
133
125
134
126
135
127
136
128
137
129
138
139
131
140
239
132
141
133
142
134
143
135
144
136
145
137
146
138
147
139
148
149
141
150
249
142
151
143
152
144
153
145
154
146
155
147
156
148
157
149
158
159
151
160
259
152
161
153
162
154
163
155
164
156
165
157
166
158
167
159
168
169
161
170
269
162
171
163
172
164
173
165
174
166
175
167
176
168
177
169
178
179
171
180
279
172
181
173
182
174
183
175
184
176
185
177
186
178
187
179
188
189
181
190
289
182
191
183
192
184
193
185
194
186
195
187
196
188
197
189
198
199
191
299
1425
192
1426
193
1427
194
1428
195
1429
196
1430
197
1431
198
1432
199
1433
1434
201
210
309
202
211
203
212
204
213
205
214
206
215
207
216
208
217
209
218
219
211
220
319
212
221
213
222
214
223
215
224
216
225
217
226
218
227
219
228
229
221
230
329
222
231
223
232
224
233
225
234
226
235
227
236
228
237
229
238
239
231
240
339
232
241
233
242
234
243
235
244
236
245
237
246
238
247
239
248
249
241
250
349
242
251
243
252
244
253
245
254
246
255
247
256
248
257
249
258
259
251
260
359
252
261
253
262
254
263
255
264
256
265
257
266
258
267
259
268
269
261
270
369
262
271
263
272
264
273
265
274
266
275
267
276
268
277
269
278
279
271
280
379
272
281
273
282
274
283
275
284
276
285
277
286
278
287
279
288
289
281
290
389
282
291
283
292
284
293
285
294
286
295
287
296
288
297
289
298
299
291
399
1575
292
1576
293
1577
294
1578
295
1579
296
1580
297
1581
298
1582
299
1583
1584
301
310
409
302
311
303
312
304
313
305
314
306
315
307
316
308
317
309
318
319
311
320
419
312
321
313
322
314
323
315
324
316
325
317
326
318
327
319
328
329
321
330
429
322
331
323
332
324
333
325
334
326
335
327
336
328
337
329
338
339
331
340
439
332
341
333
342
334
343
335
344
336
345
337
346
338
347
339
348
349
341
350
449
342
351
343
352
344
353
345
354
346
355
347
356
348
357
349
358
359
351
360
459
352
361
353
362
354
363
355
364
356
365
357
366
358
367
359
368
369
361
370
469
362
371
363
372
364
373
365
374
366
375
367
376
368
377
369
378
379
371
380
479
372
381
373
382
374
383
375
384
376
385
377
386
378
387
379
388
389
381
390
489
382
391
383
392
384
393
385
394
386
395
387
396
388
397
389
398
399
391
499
1884
392
1894
393
1904
394
1914
395
1924
396
1934
397
1944
398
1954
399
1964
1974
401
410
509
402
411
403
412
404
413
405
414
406
415
407
416
408
417
409
418
419
411
420
519
412
421
413
422
414
423
415
424
416
425
417
426
418
427
419
428
429
421
430
529
422
431
423
432
424
433
425
434
426
435
427
436
428
437
429
438
439
431
440
539
432
441
433
442
434
443
435
444
436
445
437
446
438
447
439
448
449
441
450
549
442
451
443
452
444
453
445
454
446
455
447
456
448
457
449
458
459
451
460
559
452
461
453
462
454
463
455
464
456
465
457
466
458
467
459
468
469
461
470
569
462
471
463
472
464
473
465
474
466
475
467
476
468
477
469
478
479
471
480
579
472
481
473
482
474
483
475
484
476
485
477
486
478
487
479
488
489
481
490
589
482
491
483
492
484
493
485
494
486
495
487
496
488
497
489
498
499
491
599
1984
492
1994
493
2004
494
2014
495
2024
496
2034
497
2044
498
2054
499
2064
2074
501
510
609
502
511
503
512
504
513
505
514
506
515
507
516
508
517
509
518
519
511
520
619
512
521
513
522
514
523
515
524
516
525
517
526
518
527
519
528
529
521
530
629
522
531
523
532
524
533
525
534
526
535
527
536
528
537
529
538
539
531
540
639
532
541
533
542
534
543
535
544
536
545
537
546
538
547
539
548
549
541
550
649
542
551
543
552
544
553
545
554
546
555
547
556
548
557
549
558
559
551
560
659
552
561
553
562
554
563
555
564
556
565
557
566
558
567
559
568
569
561
570
669
562
571
563
572
564
573
565
574
566
575
567
576
568
577
569
578
579
571
580
679
572
581
573
582
574
583
575
584
576
585
577
586
578
587
579
588
589
581
590
689
582
591
583
592
584
593
585
594
586
595
587
596
588
597
589
598
599
591
699
2374
592
2373
593
2372
594
2371
595
2370
596
2369
597
2368
598
2367
599
2366
2365
601
610
709
602
611
603
612
604
613
605
614
606
615
607
616
608
617
609
618
619
611
620
719
612
621
613
622
614
623
615
624
616
625
617
626
618
627
619
628
629
621
630
729
622
631
623
632
624
633
625
634
626
635
627
636
628
637
629
638
639
631
640
739
632
641
633
642
634
643
635
644
636
645
637
646
638
647
639
648
649
641
650
749
642
651
643
652
644
653
645
654
646
655
647
656
648
657
649
658
659
651
660
759
652
661
653
662
654
663
655
664
656
665
657
666
658
667
659
668
669
661
670
769
662
671
663
672
664
673
665
674
666
675
667
676
668
677
669
678
679
671
680
779
672
681
673
682
674
683
675
684
676
685
677
686
678
687
679
688
689
681
690
789
682
691
683
692
684
693
685
694
686
695
687
696
688
697
689
698
699
691
799
2524
692
2523
693
2522
694
2521
695
2520
696
2519
697
2518
698
2517
699
2516
2515
701
710
702
711
703
712
704
713
705
714
706
715
707
716
708
717
709
718
719
711
720
712
721
713
722
714
723
715
724
716
725
717
726
718
727
719
728
729
721
730
722
731
723
732
724
733
725
734
726
735
727
736
728
737
729
738
739
731
740
732
741
733
742
734
743
735
744
736
745
737
746
738
747
739
748
749
741
750
742
751
743
752
744
753
745
754
746
755
747
756
748
757
749
758
759
751
760
752
761
753
762
754
763
755
764
756
765
757
766
758
767
759
768
769
761
770
762
771
763
772
764
773
765
774
766
775
767
776
768
777
769
778
779
771
780
772
781
773
782
774
783
775
784
776
785
777
786
778
787
779
788
789
781
790
782
791
783
792
784
793
785
794
786
795
787
796
788
797
789
798
799
791
3125
792
3100
793
3075
794
3050
795
3025
796
3000
797
2975
798
2950
799
2925
2900
801
825
3125
802
826
3126
803
827
3127
804
828
3128
805
829
3129
806
830
3130
807
831
3131
808
832
3132
809
833
3133
810
834
3134
811
835
3135
812
836
3136
813
837
3137
814
838
3138
815
839
3139
816
840
3140
817
841
3141
818
842
3142
819
843
3143
820
844
3144
821
845
3145
822
846
3146
823
847
3147
824
848
3148
849
3149
826
850
827
851
828
852
829
853
830
854
831
855
832
856
833
857
834
858
835
859
836
860
837
861
838
862
839
863
840
864
841
865
842
866
843
867
844
868
845
869
846
870
847
871
848
872
849
873
874
851
875
852
876
853
877
854
878
855
879
856
880
857
881
858
882
859
883
860
884
861
885
862
886
863
887
864
888
865
889
866
890
867
891
868
892
869
893
870
894
871
895
872
896
873
897
874
898
899
876
900
877
901
878
902
879
903
880
904
881
905
882
906
883
907
884
908
885
909
886
910
887
911
888
912
889
913
890
914
891
915
892
916
893
917
894
918
895
919
896
920
897
921
898
922
899
923
924
901
925
902
926
903
927
904
928
905
929
906
930
907
931
908
932
909
933
910
934
911
935
912
936
913
937
914
938
915
939
916
940
917
941
918
942
919
943
920
944
921
945
922
946
923
947
924
948
949
926
950
927
951
928
952
929
953
930
954
931
955
932
956
933
957
934
958
935
959
936
960
937
961
938
962
939
963
940
964
941
965
942
966
943
967
944
968
945
969
946
970
947
971
948
972
949
973
974
951
975
952
976
953
977
954
978
955
979
956
980
957
981
958
982
959
983
960
984
961
985
962
986
963
987
964
988
965
989
966
990
967
991
968
992
969
993
970
994
971
995
972
996
973
997
974
998
999
976
1000
977
1001
978
1002
979
1003
980
1004
981
1005
982
1006
983
1007
984
1008
985
1009
986
1010
987
1011
988
1012
989
1013
990
1014
991
1015
992
1016
993
1017
994
1018
995
1019
996
1020
997
1021
998
1022
999
1023
1024
1001
1025
1002
1026
1003
1027
1004
1028
1005
1029
1006
1030
1007
1031
1008
1032
1009
1033
1010
1034
1011
1035
1012
1036
1013
1037
1014
1038
1015
1039
1016
1040
1017
1041
1018
1042
1019
1043
1020
1044
1021
1045
1022
1046
1023
1047
1024
1048
1049
1026
1050
1027
1051
1028
1052
1029
1053
1030
1054
1031
1055
1032
1056
1033
1057
1034
1058
1035
1059
1036
1060
1037
1061
1038
1062
1039
1063
1040
1064
1041
1065
1042
1066
1043
1067
1044
1068
1045
1069
1046
1070
1047
1071
1048
1072
1049
1073
1074
1051
1075
1434
1052
1076
1053
1077
1054
1078
1055
1079
1056
1080
1057
1081
1058
1082
1059
1083
1060
1084
1061
1085
1062
1086
1063
1087
1064
1088
1065
1089
1066
1090
1067
1091
1068
1092
1069
1093
1070
1094
1071
1095
1072
1096
1073
1097
1074
1098
1099
1076
1100
1444
1077
1101
1078
1102
1079
1103
1080
1104
1081
1105
1082
1106
1083
1107
1084
1108
1085
1109
1086
1110
1087
1111
1088
1112
1089
1113
1090
1114
1091
1115
1092
1116
1093
1117
1094
1118
1095
1119
1096
1120
1097
1121
1098
1122
1099
1123
1124
1101
1125
1454
1102
1126
1103
1127
1104
1128
1105
1129
1106
1130
1107
1131
1108
1132
1109
1133
1110
1134
1111
1135
1112
1136
1113
1137
1114
1138
1115
1139
1116
1140
1117
1141
1118
1142
1119
1143
1120
1144
1121
1145
1122
1146
1123
1147
1124
1148
1149
1126
1150
1464
1127
1151
1128
1152
1129
1153
1130
1154
1131
1155
1132
1156
1133
1157
1134
1158
1135
1159
1136
1160
1137
1161
1138
1162
1139
1163
1140
1164
1141
1165
1142
1166
1143
1167
1144
1168
1145
1169
1146
1170
1147
1171
1148
1172
1149
1173
1174
1151
1175
1474
1152
1176
1153
1177
1154
1178
1155
1179
1156
1180
1157
1181
1158
1182
1159
1183
1160
1184
1161
1185
1162
1186
1163
1187
1164
1188
1165
1189
1166
1190
1167
1191
1168
1192
1169
1193
1170
1194
1171
1195
1172
1196
1173
1197
1174
1198
1199
1176
1200
1484
1177
1201
1178
1202
1179
1203
1180
1204
1181
1205
1182
1206
1183
1207
1184
1208
1185
1209
1186
1210
1187
1211
1188
1212
1189
1213
1190
1214
1191
1215
1192
1216
1193
1217
1194
1218
1195
1219
1196
1220
1197
1221
1198
1222
1199
1223
1224
1201
1225
1494
1202
1226
1203
1227
1204
1228
1205
1229
1206
1230
1207
1231
1208
1232
1209
1233
1210
1234
1211
1235
1212
1236
1213
1237
1214
1238
1215
1239
1216
1240
1217
1241
1218
1242
1219
1243
1220
1244
1221
1245
1222
1246
1223
1247
1224
1248
1249
1226
1250
1504
1227
1251
1228
1252
1229
1253
1230
1254
1231
1255
1232
1256
1233
1257
1234
1258
1235
1259
1236
1260
1237
1261
1238
1262
1239
1263
1240
1264
1241
1265
1242
1266
1243
1267
1244
1268
1245
1269
1246
1270
1247
1271
1248
1272
1249
1273
1274
1251
1275
1514
1252
1276
1253
1277
1254
1278
1255
1279
1256
1280
1257
1281
1258
1282
1259
1283
1260
1284
1261
1285
1262
1286
1263
1287
1264
1288
1265
1289
1266
1290
1267
1291
1268
1292
1269
1293
1270
1294
1271
1295
1272
1296
1273
1297
1274
1298
1299
1276
1300
1524
1277
1301
1278
1302
1279
1303
1280
1304
1281
1305
1282
1306
1283
1307
1284
1308
1285
1309
1286
1310
1287
1311
1288
1312
1289
1313
1290
1314
1291
1315
1292
1316
1293
1317
1294
1318
1295
1319
1296
1320
1297
1321
1298
1322
1299
1323
1324
1301
1325
1534
1302
1326
1303
1327
1304
1328
1305
1329
1306
1330
1307
1331
1308
1332
1309
1333
1310
1334
1311
1335
1312
1336
1313
1337
1314
1338
1315
1339
1316
1340
1317
1341
1318
1342
1319
1343
1320
1344
1321
1345
1322
1346
1323
1347
1324
1348
1349
1326
1350
1544
1327
1351
1328
1352
1329
1353
1330
1354
1331
1355
1332
1356
1333
1357
1334
1358
1335
1359
1336
1360
1337
1361
1338
1362
1339
1363
1340
1364
1341
1365
1342
1366
1343
1367
1344
1368
1345
1369
1346
1370
1347
1371
1348
1372
1349
1373
1374
1351
1375
1554
1352
1376
1353
1377
1354
1378
1355
1379
1356
1380
1357
1381
1358
1382
1359
1383
1360
1384
1361
1385
1362
1386
1363
1387
1364
1388
1365
1389
1366
1390
1367
1391
1368
1392
1369
1393
1370
1394
1371
1395
1372
1396
1373
1397
1374
1398
1399
1376
1400
1564
1377
1401
1378
1402
1379
1403
1380
1404
1381
1405
1382
1406
1383
1407
1384
1408
1385
1409
1386
1410
1387
1411
1388
1412
1389
1413
1390
1414
1391
1415
1392
1416
1393
1417
1394
1418
1395
1419
1396
1420
1397
1421
1398
1422
1399
1423
1424
1401
1574
1402
1403
1404
1405
1406
1407
1408
1409
1410
1411
1412
1413
1414
1415
1416
1417
1418
1419
1420
1421
1422
1423
1424
1426
1435
1584
1427
1436
1428
1437
1429
1438
1430
1439
1431
1440
1432
1441
1433
1442
1434
1443
1444
1436
1445
1594
1437
1446
1438
1447
1439
1448
1440
1449
1441
1450
1442
1451
1443
1452
1444
1453
1454
1446
1455
1604
1447
1456
1448
1457
1449
1458
1450
1459
1451
1460
1452
1461
1453
1462
1454
1463
1464
1456
1465
1614
1457
1466
1458
1467
1459
1468
1460
1469
1461
1470
1462
1471
1463
1472
1464
1473
1474
1466
1475
1624
1467
1476
1468
1477
1469
1478
1470
1479
1471
1480
1472
1481
1473
1482
1474
1483
1484
1476
1485
1634
1477
1486
1478
1487
1479
1488
1480
1489
1481
1490
1482
1491
1483
1492
1484
1493
1494
1486
1495
1644
1487
1496
1488
1497
1489
1498
1490
1499
1491
1500
1492
1501
1493
1502
1494
1503
1504
1496
1505
1654
1497
1506
1498
1507
1499
1508
1500
1509
1501
1510
1502
1511
1503
1512
1504
1513
1514
1506
1515
1664
1507
1516
1508
1517
1509
1518
1510
1519
1511
1520
1512
1521
1513
1522
1514
1523
1524
1516
1525
1674
1517
1526
1518
1527
1519
1528
1520
1529
1521
1530
1522
1531
1523
1532
1524
1533
1534
1526
1535
1684
1527
1536
1528
1537
1529
1538
1530
1539
1531
1540
1532
1541
1533
1542
1534
1543
1544
1536
1545
1694
1537
1546
1538
1547
1539
1548
1540
1549
1541
1550
1542
1551
1543
1552
1544
1553
1554
1546
1555
1704
1547
1556
1548
1557
1549
1558
1550
1559
1551
1560
1552
1561
1553
1562
1554
1563
1564
1556
1565
1714
1557
1566
1558
1567
1559
1568
1560
1569
1561
1570
1562
1571
1563
1572
1564
1573
1574
1566
1724
1567
1568
1569
1570
1571
1572
1573
1574
1576
1585
1734
1577
1586
1578
1587
1579
1588
1580
1589
1581
1590
1582
1591
1583
1592
1584
1593
1594
1586
1595
1744
1587
1596
1588
1597
1589
1598
1590
1599
1591
1600
1592
1601
1593
1602
1594
1603
1604
1596
1605
1754
1597
1606
1598
1607
1599
1608
1600
1609
1601
1610
1602
1611
1603
1612
1604
1613
1614
1606
1615
1764
1607
1616
1608
1617
1609
1618
1610
1619
1611
1620
1612
1621
1613
1622
1614
1623
1624
1616
1625
1774
1617
1626
1618
1627
1619
1628
1620
1629
1621
1630
1622
1631
1623
1632
1624
1633
1634
1626
1635
1784
1627
1636
1628
1637
1629
1638
1630
1639
1631
1640
1632
1641
1633
1642
1634
1643
1644
1636
1645
1794
1637
1646
1638
1647
1639
1648
1640
1649
1641
1650
1642
1651
1643
1652
1644
1653
1654
1646
1655
1804
1647
1656
1648
1657
1649
1658
1650
1659
1651
1660
1652
1661
1653
1662
1654
1663
1664
1656
1665
1814
1657
1666
1658
1667
1659
1668
1660
1669
1661
1670
1662
1671
1663
1672
1664
1673
1674
1666
1675
1824
1667
1676
1668
1677
1669
1678
1670
1679
1671
1680
1672
1681
1673
1682
1674
1683
1684
1676
1685
1834
1677
1686
1678
1687
1679
1688
1680
1689
1681
1690
1682
1691
1683
1692
1684
1693
1694
1686
1695
1844
1687
1696
1688
1697
1689
1698
1690
1699
1691
1700
1692
1701
1693
1702
1694
1703
1704
1696
1705
1854
1697
1706
1698
1707
1699
1708
1700
1709
1701
1710
1702
1711
1703
1712
1704
1713
1714
1706
1715
1864
1707
1716
1708
1717
1709
1718
1710
1719
1711
1720
1712
1721
1713
1722
1714
1723
1724
1716
1874
1717
1718
1719
1720
1721
1722
1723
1724
1726
1735
1965
1727
1736
1966
1728
1737
1967
1729
1738
1968
1730
1739
1969
1731
1740
1970
1732
1741
1971
1733
1742
1972
1734
1743
1973
1744
1974
1736
1745
1737
1746
1738
1747
1739
1748
1740
1749
1741
1750
1742
1751
1743
1752
1744
1753
1754
1746
1755
1747
1756
1748
1757
1749
1758
1750
1759
1751
1760
1752
1761
1753
1762
1754
1763
1764
1756
1765
1757
1766
1758
1767
1759
1768
1760
1769
1761
1770
1762
1771
1763
1772
1764
1773
1774
1766
1775
1767
1776
1768
1777
1769
1778
1770
1779
1771
1780
1772
1781
1773
1782
1774
1783
1784
1776
1785
1777
1786
1778
1787
1779
1788
1780
1789
1781
1790
1782
1791
1783
1792
1784
1793
1794
1786
1795
1787
1796
1788
1797
1789
1798
1790
1799
1791
1800
1792
1801
1793
1802
1794
1803
1804
1796
1805
1797
1806
1798
1807
1799
1808
1800
1809
1801
1810
1802
1811
1803
1812
1804
1813
1814
1806
1815
1807
1816
1808
1817
1809
1818
1810
1819
1811
1820
1812
1821
1813
1822
1814
1823
1824
1816
1825
1817
1826
1818
1827
1819
1828
1820
1829
1821
1830
1822
1831
1823
1832
1824
1833
1834
1826
1835
1827
1836
1828
1837
1829
1838
1830
1839
1831
1840
1832
1841
1833
1842
1834
1843
1844
1836
1845
1837
1846
1838
1847
1839
1848
1840
1849
1841
1850
1842
1851
1843
1852
1844
1853
1854
1846
1855
1847
1856
1848
1857
1849
1858
1850
1859
1851
1860
1852
1861
1853
1862
1854
1863
1864
1856
1865
1857
1866
1858
1867
1859
1868
1860
1869
1861
1870
1862
1871
1863
1872
1864
1873
1874
1866
1867
1868
1869
1870
1871
1872
1873
1874
1876
1885
2065
1877
1886
2066
1878
1887
2067
1879
1888
2068
1880
1889
2069
1881
1890
2070
1882
1891
2071
1883
1892
2072
1884
1893
2073
1894
2074
1886
1895
1887
1896
1888
1897
1889
1898
1890
1899
1891
1900
1892
1901
1893
1902
1894
1903
1904
1896
1905
1897
1906
1898
1907
1899
1908
1900
1909
1901
1910
1902
1911
1903
1912
1904
1913
1914
1906
1915
1907
1916
1908
1917
1909
1918
1910
1919
1911
1920
1912
1921
1913
1922
1914
1923
1924
1916
1925
1917
1926
1918
1927
1919
1928
1920
1929
1921
1930
1922
1931
1923
1932
1924
1933
1934
1926
1935
1927
1936
1928
1937
1929
1938
1930
1939
1931
1940
1932
1941
1933
1942
1934
1943
1944
1936
1945
1937
1946
1938
1947
1939
1948
1940
1949
1941
1950
1942
1951
1943
1952
1944
1953
1954
1946
1955
1947
1956
1948
1957
1949
1958
1950
1959
1951
1960
1952
1961
1953
1962
1954
1963
1964
1956
1965
1957
1966
1958
1967
1959
1968
1960
1969
1961
1970
1962
1971
1963
1972
1964
1973
1974
1966
1967
1968
1969
1970
1971
1972
1973
1974
1976
1985
2215
1977
1986
2216
1978
1987
2217
1979
1988
2218
1980
1989
2219
1981
1990
2220
1982
1991
2221
1983
1992
2222
1984
1993
2223
1994
2224
1986
1995
1987
1996
1988
1997
1989
1998
1990
1999
1991
2000
1992
2001
1993
2002
1994
2003
2004
1996
2005
1997
2006
1998
2007
1999
2008
2000
2009
2001
2010
2002
2011
2003
2012
2004
2013
2014
2006
2015
2007
2016
2008
2017
2009
2018
2010
2019
2011
2020
2012
2021
2013
2022
2014
2023
2024
2016
2025
2017
2026
2018
2027
2019
2028
2020
2029
2021
2030
2022
2031
2023
2032
2024
2033
2034
2026
2035
2027
2036
2028
2037
2029
2038
2030
2039
2031
2040
2032
2041
2033
2042
2034
2043
2044
2036
2045
2037
2046
2038
2047
2039
2048
2040
2049
2041
2050
2042
2051
2043
2052
2044
2053
2054
2046
2055
2047
2056
2048
2057
2049
2058
2050
2059
2051
2060
2052
2061
2053
2062
2054
2063
2064
2056
2065
2057
2066
2058
2067
2059
2068
2060
2069
2061
2070
2062
2071
2063
2072
2064
2073
2074
2066
2067
2068
2069
2070
2071
2072
2073
2074
2076
2085
2077
2086
2078
2087
2079
2088
2080
2089
2081
2090
2082
2091
2083
2092
2084
2093
2094
2225
2086
2095
2087
2096
2088
2097
2089
2098
2090
2099
2091
2100
2092
2101
2093
2102
2094
2103
2104
2235
2096
2105
2097
2106
2098
2107
2099
2108
2100
2109
2101
2110
2102
2111
2103
2112
2104
2113
2114
2245
2106
2115
2107
2116
2108
2117
2109
2118
2110
2119
2111
2120
2112
2121
2113
2122
2114
2123
2124
2255
2116
2125
2117
2126
2118
2127
2119
2128
2120
2129
2121
2130
2122
2131
2123
2132
2124
2133
2134
2265
2126
2135
2127
2136
2128
2137
2129
2138
2130
2139
2131
2140
2132
2141
2133
2142
2134
2143
2144
2275
2136
2145
2137
2146
2138
2147
2139
2148
2140
2149
2141
2150
2142
2151
2143
2152
2144
2153
2154
2285
2146
2155
2147
2156
2148
2157
2149
2158
2150
2159
2151
2160
2152
2161
2153
2162
2154
2163
2164
2295
2156
2165
2157
2166
2158
2167
2159
2168
2160
2169
2161
2170
2162
2171
2163
2172
2164
2173
2174
2305
2166
2175
2167
2176
2168
2177
2169
2178
2170
2179
2171
2180
2172
2181
2173
2182
2174
2183
2184
2315
2176
2185
2177
2186
2178
2187
2179
2188
2180
2189
2181
2190
2182
2191
2183
2192
2184
2193
2194
2325
2186
2195
2187
2196
2188
2197
2189
2198
2190
2199
2191
2200
2192
2201
2193
2202
2194
2203
2204
2335
2196
2205
2197
2206
2198
2207
2199
2208
2200
2209
2201
2210
2202
2211
2203
2212
2204
2213
2214
2345
2206
2215
2207
2216
2208
2217
2209
2218
2210
2219
2211
2220
2212
2221
2213
2222
2214
2223
2224
2355
2216
2217
2218
2219
2220
2221
2222
2223
2224
2365
2226
2235
2227
2236
2228
2237
2229
2238
2230
2239
2231
2240
2232
2241
2233
2242
2234
2243
2244
2375
2236
2245
2237
2246
2238
2247
2239
2248
2240
2249
2241
2250
2242
2251
2243
2252
2244
2253
2254
2385
2246
2255
2247
2256
2248
2257
2249
2258
2250
2259
2251
2260
2252
2261
2253
2262
2254
2263
2264
2395
2256
2265
2257
2266
2258
2267
2259
2268
2260
2269
2261
2270
2262
2271
2263
2272
2264
2273
2274
2405
2266
2275
2267
2276
2268
2277
2269
2278
2270
2279
2271
2280
2272
2281
2273
2282
2274
2283
2284
2415
2276
2285
2277
2286
2278
2287
2279
2288
2280
2289
2281
2290
2282
2291
2283
2292
2284
2293
2294
2425
2286
2295
2287
2296
2288
2297
2289
2298
2290
2299
2291
2300
2292
2301
2293
2302
2294
2303
2304
2435
2296
2305
2297
2306
2298
2307
2299
2308
2300
2309
2301
2310
2302
2311
2303
2312
2304
2313
2314
2445
2306
2315
2307
2316
2308
2317
2309
2318
2310
2319
2311
2320
2312
2321
2313
2322
2314
2323
2324
2455
2316
2325
2317
2326
2318
2327
2319
2328
2320
2329
2321
2330
2322
2331
2323
2332
2324
2333
2334
2465
2326
2335
2327
2336
2328
2337
2329
2338
2330
2339
2331
2340
2332
2341
2333
2342
2334
2343
2344
2475
2336
2345
2337
2346
2338
2347
2339
2348
2340
2349
2341
2350
2342
2351
2343
2352
2344
2353
2354
2485
2346
2355
2347
2356
2348
2357
2349
2358
2350
2359
2351
2360
2352
2361
2353
2362
2354
2363
2364
2495
2356
2365
2357
2366
2358
2367
2359
2368
2360
2369
2361
2370
2362
2371
2363
2372
2364
2373
2374
2505
2366
2367
2368
2369
2370
2371
2372
2373
2374
2515
2376
2385
2377
2386
2378
2387
2379
2388
2380
2389
2381
2390
2382
2391
2383
2392
2384
2393
2394
2525
2386
2395
2387
2396
2388
2397
2389
2398
2390
2399
2391
2400
2392
2401
2393
2402
2394
2403
2404
2550
2396
2405
2397
2406
2398
2407
2399
2408
2400
2409
2401
2410
2402
2411
2403
2412
2404
2413
2414
2575
2406
2415
2407
2416
2408
2417
2409
2418
2410
2419
2411
2420
2412
2421
2413
2422
2414
2423
2424
2600
2416
2425
2417
2426
2418
2427
2419
2428
2420
2429
2421
2430
2422
2431
2423
2432
2424
2433
2434
2625
2426
2435
2427
2436
2428
2437
2429
2438
2430
2439
2431
2440
2432
2441
2433
2442
2434
2443
2444
2650
2436
2445
2437
2446
2438
2447
2439
2448
2440
2449
2441
2450
2442
2451
2443
2452
2444
2453
2454
2675
2446
2455
2447
2456
2448
2457
2449
2458
2450
2459
2451
2460
2452
2461
2453
2462
2454
2463
2464
2700
2456
2465
2457
2466
2458
2467
2459
2468
2460
2469
2461
2470
2462
2471
2463
2472
2464
2473
2474
2725
2466
2475
2467
2476
2468
2477
2469
2478
2470
2479
2471
2480
2472
2481
2473
2482
2474
2483
2484
2750
2476
2485
2477
2486
2478
2487
2479
2488
2480
2489
2481
2490
2482
2491
2483
2492
2484
2493
2494
2775
2486
2495
2487
2496
2488
2497
2489
2498
2490
2499
2491
2500
2492
2501
2493
2502
2494
2503
2504
2800
2496
2505
2497
2506
2498
2507
2499
2508
2500
2509
2501
2510
2502
2511
2503
2512
2504
2513
2514
2825
2506
2515
2507
2516
2508
2517
2509
2518
2510
2519
2511
2520
2512
2521
2513
2522
2514
2523
2524
2850
2516
2517
2518
2519
2520
2521
2522
2523
2524
2875
2526
2550
2527
2551
2528
2552
2529
2553
2530
2554
2531
2555
2532
2556
2533
2557
2534
2558
2535
2559
2536
2560
2537
2561
2538
2562
2539
2563
2540
2564
2541
2565
2542
2566
2543
2567
2544
2568
2545
2569
2546
2570
2547
2571
2548
2572
2549
2573
2574
2551
2575
2552
2576
2553
2577
2554
2578
2555
2579
2556
2580
2557
2581
2558
2582
2559
2583
2560
2584
2561
2585
2562
2586
2563
2587
2564
2588
2565
2589
2566
2590
2567
2591
2568
2592
2569
2593
2570
2594
2571
2595
2572
2596
2573
2597
2574
2598
2599
2576
2600
2577
2601
2578
2602
2579
2603
2580
2604
2581
2605
2582
2606
2583
2607
2584
2608
2585
2609
2586
2610
2587
2611
2588
2612
2589
2613
2590
2614
2591
2615
2592
2616
2593
2617
2594
2618
2595
2619
2596
2620
2597
2621
2598
2622
2599
2623
2624
2601
2625
2602
2626
2603
2627
2604
2628
2605
2629
2606
2630
2607
2631
2608
2632
2609
2633
2610
2634
2611
2635
2612
2636
2613
2637
2614
2638
2615
2639
2616
2640
2617
2641
2618
2642
2619
2643
2620
2644
2621
2645
2622
2646
2623
2647
2624
2648
2649
2626
2650
2627
2651
2628
2652
2629
2653
2630
2654
2631
2655
2632
2656
2633
2657
2634
2658
2635
2659
2636
2660
2637
2661
2638
2662
2639
2663
2640
2664
2641
2665
2642
2666
2643
2667
2644
2668
2645
2669
2646
2670
2647
2671
2648
2672
2649
2673
2674
2651
2675
2652
2676
2653
2677
2654
2678
2655
2679
2656
2680
2657
2681
2658
2682
2659
2683
2660
2684
2661
2685
2662
2686
2663
2687
2664
2688
2665
2689
2666
2690
2667
2691
2668
2692
2669
2693
2670
2694
2671
2695
2672
2696
2673
2697
2674
2698
2699
2676
2700
2677
2701
2678
2702
2679
2703
2680
2704
2681
2705
2682
2706
2683
2707
2684
2708
2685
2709
2686
2710
2687
2711
2688
2712
2689
2713
2690
2714
2691
2715
2692
2716
2693
2717
2694
2718
2695
2719
2696
2720
2697
2721
2698
2722
2699
2723
2724
2701
2725
2702
2726
2703
2727
2704
2728
2705
2729
2706
2730
2707
2731
2708
2732
2709
2733
2710
2734
2711
2735
2712
2736
2713
2737
2714
2738
2715
2739
2716
2740
2717
2741
2718
2742
2719
2743
2720
2744
2721
2745
2722
2746
2723
2747
2724
2748
2749
2726
2750
2727
2751
2728
2752
2729
2753
2730
2754
2731
2755
2732
2756
2733
2757
2734
2758
2735
2759
2736
2760
2737
2761
2738
2762
2739
2763
2740
2764
2741
2765
2742
2766
2743
2767
2744
2768
2745
2769
2746
2770
2747
2771
2748
2772
2749
2773
2774
2751
2775
2752
2776
2753
2777
2754
2778
2755
2779
2756
2780
2757
2781
2758
2782
2759
2783
2760
2784
2761
2785
2762
2786
2763
2787
2764
2788
2765
2789
2766
2790
2767
2791
2768
2792
2769
2793
2770
2794
2771
2795
2772
2796
2773
2797
2774
2798
2799
2776
2800
2777
2801
2778
2802
2779
2803
2780
2804
2781
2805
2782
2806
2783
2807
2784
2808
2785
2809
2786
2810
2787
2811
2788
2812
2789
2813
2790
2814
2791
2815
2792
2816
2793
2817
2794
2818
2795
2819
2796
2820
2797
2821
2798
2822
2799
2823
2824
2801
2825
2802
2826
2803
2827
2804
2828
2805
2829
2806
2830
2807
2831
2808
2832
2809
2833
2810
2834
2811
2835
2812
2836
2813
2837
2814
2838
2815
2839
2816
2840
2817
2841
2818
2842
2819
2843
2820
2844
2821
2845
2822
2846
2823
2847
2824
2848
2849
2826
2850
2827
2851
2828
2852
2829
2853
2830
2854
2831
2855
2832
2856
2833
2857
2834
2858
2835
2859
2836
2860
2837
2861
2838
2862
2839
2863
2840
2864
2841
2865
2842
2866
2843
2867
2844
2868
2845
2869
2846
2870
2847
2871
2848
2872
2849
2873
2874
2851
2875
2852
2876
2853
2877
2854
2878
2855
2879
2856
2880
2857
2881
2858
2882
2859
2883
2860
2884
2861
2885
2862
2886
2863
2887
2864
2888
2865
2889
2866
2890
2867
2891
2868
2892
2869
2893
2870
2894
2871
2895
2872
2896
2873
2897
2874
2898
2899
2876
2900
2877
2901
2878
2902
2879
2903
2880
2904
2881
2905
2882
2906
2883
2907
2884
2908
2885
2909
2886
2910
2887
2911
2888
2912
2889
2913
2890
2914
2891
2915
2892
2916
2893
2917
2894
2918
2895
2919
2896
2920
2897
2921
2898
2922
2899
2923
2924
2901
2925
2902
2926
2903
2927
2904
2928
2905
2929
2906
2930
2907
2931
2908
2932
2909
2933
2910
2934
2911
2935
2912
2936
2913
2937
2914
2938
2915
2939
2916
2940
2917
2941
2918
2942
2919
2943
2920
2944
2921
2945
2922
2946
2923
2947
2924
2948
2949
2926
2950
2927
2951
2928
2952
2929
2953
2930
2954
2931
2955
2932
2956
2933
2957
2934
2958
2935
2959
2936
2960
2937
2961
2938
2962
2939
2963
2940
2964
2941
2965
2942
2966
2943
2967
2944
2968
2945
2969
2946
2970
2947
2971
2948
2972
2949
2973
2974
2951
2975
2952
2976
2953
2977
2954
2978
2955
2979
2956
2980
2957
2981
2958
2982
2959
2983
2960
2984
2961
2985
2962
2986
2963
2987
2964
2988
2965
2989
2966
2990
2967
2991
2968
2992
2969
2993
2970
2994
2971
2995
2972
2996
2973
2997
2974
2998
2999
2976
3000
2977
3001
2978
3002
2979
3003
2980
3004
2981
3005
2982
3006
2983
3007
2984
3008
2985
3009
2986
3010
2987
3011
2988
3012
2989
3013
2990
3014
2991
3015
2992
3016
2993
3017
2994
3018
2995
3019
2996
3020
2997
3021
2998
3022
2999
3023
3024
3001
3025
3002
3026
3003
3027
3004
3028
3005
3029
3006
3030
3007
3031
3008
3032
3009
3033
3010
3034
3011
3035
3012
3036
3013
3037
3014
3038
3015
3039
3016
3040
3017
3041
3018
3042
3019
3043
3020
3044
3021
3045
3022
3046
3023
3047
3024
3048
3049
3026
3050
3027
3051
3028
3052
3029
3053
3030
3054
3031
3055
3032
3056
3033
3057
3034
3058
3035
3059
3036
3060
3037
3061
3038
3062
3039
3063
3040
3064
3041
3065
3042
3066
3043
3067
3044
3068
3045
3069
3046
3070
3047
3071
3048
3072
3049
3073
3074
3051
3075
3052
3076
3053
3077
3054
3078
3055
3079
3056
3080
3057
3081
3058
3082
3059
3083
3060
3084
3061
3085
3062
3086
3063
3087
3064
3088
3065
3089
3066
3090
3067
3091
3068
3092
3069
3093
3070
3094
3071
3095
3072
3096
3073
3097
3074
3098
3099
3076
3100
3077
3101
3078
3102
3079
3103
3080
3104
3081
3105
3082
3106
3083
3107
3084
3108
3085
3109
3086
3110
3087
3111
3088
3112
3089
3113
3090
3114
3091
3115
3092
3116
3093
3117
3094
3118
3095
3119
3096
3120
3097
3121
3098
3122
3099
3123
3124
3101
3125
3102
3126
3103
3127
3104
3128
3105
3129
3106
3130
3107
3131
3108
3132
3109
3133
3110
3134
3111
3135
3112
3136
3113
3137
3114
3138
3115
3139
3116
3140
3117
3141
3118
3142
3119
3143
3120
3144
3121
3145
3122
3146
3123
3147
3124
3148
3149
3126
3127
3128
3129
3130
3131
3132
3133
3134
3135
3136
3137
3138
3139
3140
3141
3142
3143
3144
3145
3146
3147
3148
3149
)


// ************************************************************************* //
