// Data on points
94
(
//min_z
0.1325191195
0.1325191195
0.1353791468
0.134660321
0.2533196472
0.2700781853
0.3095144305
0.3580950096
0.3878037541
0.4040011008
0.3664224708
0.4314681452
0.3995397794
0.3805867496
0.152626085
0.017103058
0.0024462431
0.0007545959
0.0003183452
0.0001629927
0.0001472307
0.0001397459
0.0001397459
0.0001397459
0.0001397459
0.0001397459
0.0001397459
0.0001397459
0.0001397459
0.0001397459
0.0001397459
0.0001397459
0.0001397459
0.0001397459
0.0001397459
0.0001397459
0.0001397459
0.0001397459
0.0001397459
0.0001397459
0.0001397459
0.0001397459
0.0001397459
0.0001397459
0.0001397459
0.0001397459
0.0001397459

// max_z
0.1325191195
0.1325191195
0.1353791468
0.134660321
0.2533196472
0.2700781853
0.3095144305
0.3580950096
0.3878037541
0.4040011008
0.3664224708
0.4314681452
0.3995397794
0.3805867496
0.152626085
0.017103058
0.0024462431
0.0007545959
0.0003183452
0.0001629927
0.0001472307
0.0001397459
0.0001397459
0.0001397459
0.0001397459
0.0001397459
0.0001397459
0.0001397459
0.0001397459
0.0001397459
0.0001397459
0.0001397459
0.0001397459
0.0001397459
0.0001397459
0.0001397459
0.0001397459
0.0001397459
0.0001397459
0.0001397459
0.0001397459
0.0001397459
0.0001397459
0.0001397459
0.0001397459
0.0001397459
0.0001397459
)
// Average
0.1
// ************************************************************************* //
