// Data on points
94
(
//min_z
( 0 0 0 )
( 2.372 0 0 )
( 2.434 0 0 )
( 2.548 0 0 )
( 2.912 0 0 )
( 3.042 0 0 )
( 3.392 0 0 )
( 3.483 0 0 )
( 3.654 0 0 )
( 3.82 0 0 )
( 4.019 0 0 )
( 4.205 0 0 )
( 4.343 0 0 )
( 4.985 0 0 )
( 5.713 0 0 )
( 6.12 0 0 )
( 6.201 0 0 )
( 6.28 0 0 )
( 6.36 0 0 )
( 6.43 0 0 )
( 6.49 0 0 )
( 6.54 0 0 )
( 6.58 0 0 )
( 6.61 0 0 )
( 6.63 0 0 )
( 6.64 0 0 )
( 6.64 0 0 )
( 6.64 0 0 )
( 6.64 0 0 )
( 6.64 0 0 )
( 6.64 0 0 )
( 6.64 0 0 )
( 6.64 0 0 )
( 6.64 0 0 )
( 6.64 0 0 )
( 6.64 0 0 )
( 6.64 0 0 )
( 6.64 0 0 )
( 6.64 0 0 )
( 6.64 0 0 )
( 6.64 0 0 )
( 6.64 0 0 )
( 6.64 0 0 )
( 6.64 0 0 )
( 6.64 0 0 )
( 6.64 0 0 )
( 6.64 0 0 )

// max_z
( 0 0 0 )
( 2.372 0 0 )
( 2.434 0 0 )
( 2.548 0 0 )
( 2.912 0 0 )
( 3.042 0 0 )
( 3.392 0 0 )
( 3.483 0 0 )
( 3.654 0 0 )
( 3.82 0 0 )
( 4.019 0 0 )
( 4.205 0 0 )
( 4.343 0 0 )
( 4.985 0 0 )
( 5.713 0 0 )
( 6.12 0 0 )
( 6.201 0 0 )
( 6.28 0 0 )
( 6.36 0 0 )
( 6.43 0 0 )
( 6.49 0 0 )
( 6.54 0 0 )
( 6.58 0 0 )
( 6.61 0 0 )
( 6.63 0 0 )
( 6.64 0 0 )
( 6.64 0 0 )
( 6.64 0 0 )
( 6.64 0 0 )
( 6.64 0 0 )
( 6.64 0 0 )
( 6.64 0 0 )
( 6.64 0 0 )
( 6.64 0 0 )
( 6.64 0 0 )
( 6.64 0 0 )
( 6.64 0 0 )
( 6.64 0 0 )
( 6.64 0 0 )
( 6.64 0 0 )
( 6.64 0 0 )
( 6.64 0 0 )
( 6.64 0 0 )
( 6.64 0 0 )
( 6.64 0 0 )
( 6.64 0 0 )
( 6.64 0 0 )
)

// Average
(4 0 0)
// ************************************************************************* //
